719
2419
6393
7224
8204
12155
13053
15092
15706
15795
15838
21103
22816
23299
27242
27335
27587
31445
32120
36554
36851
36909
37605
41159
42462
44392
48887
49002
49233
50497
50793
53270
54522
54812
57532
62257
67215
67880
69252
71029
71117
77421
79365
79833
81108
81812
82888
83042
84391
84597
88740
92212
92960
98327
98696
99696
99861
100768
105560
107556
108967
112420
115509
115981
116270
121280
133380
134290
138809
143482
143670
145188
146792
147715
148461
150646
154740
162736
163343
169109
170071
171777
174732
177174
182064
183107
185022
186289
188209
191031
191183
192227
193598
194088
196693
196942
198874
205281
209230
211963
213103
214671
216035
219246
224042
226969
227115
229029
229288
232968
234028
237537
238965
240466
241348
244251
244380
245186
246363
248116
248861
252200
253798
255135
257838
258061
260069
260373
262959
263885
264669
267073
268357
270536
275318
278195
281468
281632
281838
282181
282743
283727
286656
287049
288205
288450
292184
295858
297696
299354
300221
301881
302562
304296
307334
318738
319025
319511
324671
325570
334956
337428
341702
343587
346195
348226
349411
349964
352072
352476
354920
354923
356578
356684
360175
361057
363822
364644
365498
365525
367862
369125
370848
371036
372575
372865
375158
375635
377645
382127
383006
387608
388168
390761
398295
405155
406090
406750
408127
408639
410471
413371
414281
414550
419618
420659
423870
423896
426077
431983
432950
434272
437372
438942
442326
442901
443329
445101
446842
448224
452188
455984
458719
459919
460957
461537
463078
463424
465936
466724
467648
469973
470573
470690
472000
474146
475457
476864
477984
482397
484014
489634
490256
490269
491601
492007
492235
493333
493495
498201
498888
499870
501590
504022
505145
505797
508358
512494
514011
516255
516710
517294
518153
518165
518310
518983
523048
526780
531146
534774
536105
539379
541682
542619
542691
543614
550706
551362
553211
554163
555596
555717
556494
559598
559679
560893
561356
562797
563391
564601
565923
568854
568937
569060
569620
571287
571783
572153
572179
572683
572879
578255
579755
580341
580393
580447
581773
582846
583269
583870
584464
584855
585610
587080
587311
587929
587976
589101
592044
593011
594676
600679
601391
604731
608886
610094
611968
613477
613802
613869
615882
617706
619147
619397
620948
621210
621356
623641
623733
634778
635059
635148
635855
641015
641668
644036
644046
645627
646114
656526
657827
658514
660605
662616
663471
664940
668353
669281
673251
673271
676268
678088
678492
678983
680583
681975
682398
686941
688116
688614
690232
690320
694954
695302
697523
703438
706664
708888
709171
712370
712507
712658
718665
723031
723582
724338
725351
725761
728390
730036
730767
731315
732536
732618
732760
738010
739850
742074
742542
743281
743861
752210
754505
755012
755533
760927
765120
766482
771761
772895
774154
775975
776565
780111
781256
783269
784915
785998
786056
786936
787455
792246
794607
797783
797886
798346
799549
800373
800399
803430
813898
814305
814509
815879
816103
818248
818910
821713
822023
822916
830199
831901
833176
833982
834844
835223
837114
839164
842779
851156
851634
855426
855683
855816
857836
858252
860339
864368
864744
866156
870057
872052
872187
872443
872947
873086
876081
876981
879350
884751
889191
890003
890185
891567
893236
898419
900196
900577
902013
906422
907397
910543
911719
912350
920311
921993
923489
925046
926054
935415
936079
941932
942299
945237
945366
945641
946641
950512
954422
955961
957743
958268
960499
961238
962130
963042
964650
966507
974749
974781
979497
981611
981865
981968
982697
983257
983689
985899
987125
990094
994672
997556
