1
15
22
33
39
40
78
116
143
145
153
156
181
213
239
282
312
329
336
415
462
528
591
610
615
627
632
668
682
683
694
717
719
722
736
750
770
771
778
837
862
883
889
893
898
920
922
927
967
981
982
1000
1001
1027
1032
1077
1106
1113
1120
1170
1191
1192
1204
1206
1207
1242
1251
1273
1281
1334
1358
1378
1421
1433
1436
1437
1443
1474
1475
1492
1533
1544
1561
1567
1570
1582
1584
1595
1632
1653
1658
1690
1693
1726
1766
1781
1791
1800
1819
1837
1849
1858
1871
1879
1938
1960
1970
2002
2008
2022
2025
2030
2055
2081
2100
2109
2113
2157
2188
2190
2193
2197
2224
2242
2274
2310
2315
2336
2349
2369
2375
2385
2416
2419
2423
2456
2472
2479
2496
2511
2523
2536
2549
2558
2559
2574
2579
2580
2586
2597
2599
2618
2635
2653
2658
2680
2681
2699
2702
2719
2731
2761
2775
2777
2778
2806
2820
2822
2825
2827
2838
2847
2852
2855
2874
2894
2926
2933
2940
2983
3006
3021
3033
3047
3054
3057
3071
3096
3114
3118
3146
3163
3200
3209
3230
3256
3277
3280
3299
3442
3454
3494
3505
3520
3551
3587
3599
3603
3607
3629
3648
3669
3670
3672
3683
3684
3696
3713
3736
3749
3753
3763
3774
3803
3808
3826
3833
3882
3948
3957
3983
3991
4002
4026
4074
4097
4109
4119
4151
4153
4167
4180
4196
4251
4295
4317
4369
4409
4425
4444
4455
4483
4506
4510
4521
4523
4563
4572
4625
4627
4630
4641
4668
4685
4739
4752
4786
4803
4820
4825
4850
4851
4854
4859
4900
4909
4912
4921
4923
4939
4947
4956
4967
4976
4983
4997
5003
5004
5024
5030
5042
5080
5110
5119
5180
5222
5227
5247
5267
5295
5316
5317
5353
5378
5393
5394
5426
5435
5450
5486
5522
5534
5587
5594
5618
5630
5642
5644
5667
5708
5712
5727
5731
5734
5765
5774
5836
5862
5870
5883
5897
5906
5930
5936
5940
5943
5991
6070
6071
6098
6120
6129
6206
6233
6275
6278
6316
6393
6453
6519
6535
6582
6610
6624
6653
6656
6680
6687
6689
6693
6699
6744
6754
6770
6775
6788
6804
6814
6865
6891
6893
6918
6921
6929
6932
6957
6967
6973
6977
6986
7008
7013
7016
7021
7053
7065
7067
7074
7076
7092
7101
7106
7119
7124
7125
7144
7190
7208
7216
7217
7224
7227
7271
7291
7294
7329
7356
7380
7390
7401
7403
7440
7441
7456
7475
7488
7509
7531
7542
7553
7559
7562
7578
7590
7645
7664
7667
7674
7677
7707
7737
7743
7758
7790
7793
7794
7800
7821
7822
7857
7862
7874
7891
7893
7895
7896
7922
7947
8022
8029
8057
8067
8085
8142
8172
8176
8186
8204
8229
8241
8272
8299
8315
8333
8348
8353
8360
8406
8411
8435
8440
8468
8470
8491
8495
8501
8510
8514
8519
8520
8522
8565
8595
8618
8630
8631
8638
8648
8654
8697
8727
8739
8740
8746
8749
8759
8790
8800
8802
8803
8822
8824
8845
8859
8865
8898
8930
8941
8986
9024
9051
9133
9134
9146
9151
9155
9185
9201
9210
9213
9249
9266
9278
9281
9314
9350
9351
9356
9386
9397
9415
9462
9483
9519
9520
9523
9531
9564
9578
9583
9586
9593
9616
9624
9650
9663
9667
9678
9682
9710
9732
9733
9736
9742
9766
9772
9790
9806
9827
9833
9848
9852
9877
9980
9995
12155
13053
15092
15706
15795
15838
20226
21103
22117
22816
23299
24246
26243
27242
27335
27587
30369
30913
31445
32120
36554
36851
36909
37605
39685
41081
41159
42462
42652
43075
43803
44392
45366
47141
48887
49002
49233
50441
50497
50504
50793
50961
51650
51699
52065
53270
54522
54812
56388
57532
58654
62257
64148
65120
66980
67215
67880
69252
71029
71117
72729
74421
74597
75123
77421
78365
78450
79365
79833
81022
81108
81812
82660
82888
83042
84391
84597
88740
92212
92960
93767
94774
95692
96563
98327
98696
99446
99696
99861
100768
104134
105560
106826
107556
108967
109079
109388
111741
112420
112864
115509
115981
116270
117249
118330
118370
118463
120731
121280
122267
124912
124982
125115
129067
130035
132588
133352
133380
133796
134290
134652
138809
143482
143670
144068
145188
146792
147164
147715
148278
148461
150646
154740
161258
162736
163259
163343
167458
169109
170071
170615
171777
172741
174732
177174
177775
179677
182064
183107
185022
186289
188209
191031
191183
191571
192227
193286
193598
193884
194088
194528
195589
196693
196942
198874
202116
202355
204922
205281
206705
207806
208952
209230
209647
211963
212499
213103
214341
214582
214671
216035
216490
219246
220315
220730
222053
224042
225482
226969
227115
229029
229288
232968
234028
237537
238218
238965
240466
240586
241348
243618
244251
244380
245186
246363
246908
248116
248861
249065
250939
252200
253798
255135
255620
256494
257188
257467
257838
258061
258234
258319
260069
260222
260373
262959
263107
263224
263885
264669
265270
266471
266570
267032
267073
268357
268690
270536
274324
275318
277996
278195
279337
280475
281468
281632
281838
282181
282193
282743
282893
283336
283727
284532
286656
287049
287231
288205
288403
288450
290036
292184
293569
295858
296326
297696
298357
299354
300221
301304
301881
302562
303222
303260
304296
305398
305747
307334
311915
312863
313505
313814
315385
317837
318738
318908
319025
319511
320988
323350
324069
324671
325570
325586
326428
329283
330865
330867
333218
333232
334956
336902
337428
339941
341108
341702
342746
343587
346195
346319
348226
349411
349964
352072
352476
353782
353880
354920
354923
355421
356578
356684
358727
358824
360175
361057
362900
363822
364600
364644
365498
365525
367686
367862
368297
369125
369428
370590
370848
371036
371315
372243
372575
372865
375158
375635
377645
380046
380735
380831
381297
382127
382825
383006
384758
387608
387823
388168
390631
390761
395508
397516
398295
401362
404636
405155
405207
405266
406090
406421
406750
407694
408127
408639
410471
413371
414281
414550
415488
415836
416725
416893
417389
417733
418368
419618
419863
420659
422458
422496
423870
423896
425165
425927
426077
426441
431911
431983
432950
433853
434272
437350
437372
438942
439029
439428
439671
440152
442326
442901
443329
445101
446842
447219
448224
452188
454153
454316
455515
455876
455877
455984
456664
458719
459094
459919
460957
461537
462697
463078
463424
463635
465936
466724
467222
467648
469417
469973
470573
470690
472000
472749
473609
474146
474733
475457
476425
476864
477984
478839
480476
482335
482397
484014
484418
486493
487103
489634
489817
490256
490269
491601
492007
492235
493333
493495
494981
497877
497968
498201
498888
499173
499336
499870
501590
501955
503373
504022
505145
505797
508341
508358
509926
512494
513498
513850
514011
516255
516710
517294
518153
518165
518310
518983
523048
524863
526780
529921
530642
531146
531608
534774
535056
536105
539223
539379
541682
542619
542691
542974
543208
543614
543945
544199
547964
549735
550706
551362
551949
553211
554163
555596
555717
555908
556057
556111
556494
559598
559679
560893
561356
562797
563391
564601
565923
568654
568854
568937
569060
569605
569620
570054
571287
571783
572153
572179
572683
572879
574598
577384
578255
579755
580341
580393
580447
580477
581773
582846
583269
583870
584058
584464
584829
584855
585228
585463
585610
585822
587080
587311
587929
587976
589101
590705
592044
592552
592642
593011
594676
599069
599950
600679
601391
604710
604731
606602
607601
608886
610094
611275
611968
613477
613802
613869
615882
617706
618549
619147
619397
620445
620948
621210
621356
623641
623733
628352
631220
633683
634778
635059
635148
635855
638530
641015
641117
641668
643553
644036
644046
644286
645627
646114
646291
648652
650236
654604
656182
656526
657827
658514
658746
658747
659016
660605
662616
662681
663471
664940
668353
669281
669969
670422
673210
673251
673271
673832
674884
676268
677272
678088
678385
678492
678983
679261
679435
680583
681043
681524
681975
682398
685503
685763
686552
686941
688116
688614
690232
690320
691361
694954
695044
695302
696279
697523
703438
703630
704788
706664
708888
708934
709171
712370
712507
712658
713182
713881
715643
716199
718665
719683
719923
719999
722394
723031
723582
724043
724338
725351
725761
728273
728324
728390
730036
730767
731315
732536
732618
732760
734666
738010
738116
738778
739850
742074
742089
742542
742758
743281
743861
745398
745709
749792
750336
750472
750921
751890
752095
752210
754000
754505
755012
755533
757840
760376
760820
760927
761824
765120
766482
766907
768326
769480
769806
769951
771761
772895
774154
775975
776565
777127
777265
779102
780111
781256
782572
782719
783269
784915
785998
786056
786936
787455
788069
789383
790413
792246
792836
793963
794607
794803
797783
797886
798346
799549
800373
800399
802114
803069
803430
805651
805778
809473
811243
811273
813898
814215
814305
814509
815879
816103
817089
818248
818433
818910
819287
821713
822023
822369
822576
822916
826032
826835
829514
830199
831901
832276
832451
833176
833982
834844
835223
837114
837660
838257
839164
840666
842565
842779
851156
851634
853226
855426
855683
855816
856495
856680
857836
858252
858487
860339
863643
864352
864368
864744
865288
866156
866408
870057
871269
872052
872187
872431
872443
872858
872947
873086
873514
876081
876981
879350
879637
881459
882743
883284
884751
885931
887554
889106
889191
890003
890185
891567
891667
893236
895432
898419
900196
900577
901800
902013
902783
906422
907397
909977
910543
911036
911719
912350
912835
913631
914714
915525
917490
917711
920311
920970
921993
923163
923489
923545
925046
926054
929293
933793
934278
934400
935415
936079
936865
936949
938850
941932
942299
945237
945366
945641
946641
948686
949233
950512
952597
954422
955961
957743
958268
958294
960160
960499
961039
961238
961372
962130
963042
964313
964650
966507
970008
970317
973458
974749
974781
979497
980636
981611
981865
981968
982697
983257
983689
985746
985899
986066
987125
988218
990094
990690
990795
992183
993378
994672
996623
997556
998406
998516
