1
15
19
21
22
29
33
39
40
43
45
51
59
70
73
78
81
88
93
102
105
106
107
116
121
124
139
142
143
145
153
156
181
213
223
239
248
256
265
280
282
283
307
312
319
322
323
329
336
361
364
380
394
403
415
422
437
452
462
476
477
479
504
520
528
533
551
569
586
587
591
609
610
611
612
615
625
626
627
632
633
668
682
683
694
698
701
717
719
722
723
729
736
750
770
771
778
801
834
837
845
849
854
858
862
866
879
883
889
893
898
920
922
925
927
928
941
952
967
976
981
982
997
998
1000
1001
1024
1027
1032
1033
1044
1058
1066
1067
1070
1074
1077
1081
1086
1102
1105
1106
1113
1120
1139
1159
1160
1166
1170
1179
1183
1187
1191
1192
1199
1204
1206
1207
1214
1242
1247
1251
1270
1273
1281
1286
1294
1301
1310
1319
1330
1332
1334
1335
1338
1339
1350
1358
1366
1378
1385
1400
1402
1407
1421
1433
1436
1437
1443
1465
1474
1475
1492
1507
1523
1526
1529
1533
1544
1550
1555
1558
1561
1567
1570
1582
1584
1593
1595
1598
1603
1632
1653
1655
1656
1658
1659
1661
1672
1675
1690
1693
1726
1746
1766
1772
1780
1781
1783
1784
1791
1793
1800
1808
1815
1819
1822
1837
1845
1849
1858
1865
1871
1872
1879
1887
1903
1938
1960
1965
1970
1975
1991
2002
2008
2020
2021
2022
2025
2028
2030
2049
2055
2065
2081
2082
2090
2100
2101
2109
2113
2150
2153
2157
2158
2186
2188
2190
2193
2197
2198
2202
2208
2224
2231
2234
2238
2242
2261
2274
2280
2284
2305
2309
2310
2315
2321
2336
2341
2342
2347
2349
2350
2360
2364
2369
2374
2375
2377
2384
2385
2387
2416
2419
2423
2456
2459
2467
2472
2478
2479
2496
2502
2506
2510
2511
2523
2533
2536
2541
2549
2556
2558
2559
2574
2579
2580
2586
2597
2599
2604
2608
2613
2618
2625
2634
2635
2653
2658
2664
2680
2681
2699
2700
2702
2719
2721
2731
2734
2745
2755
2757
2761
2767
2775
2777
2778
2783
2806
2807
2818
2820
2822
2825
2827
2838
2847
2852
2855
2874
2887
2890
2894
2902
2913
2919
2921
2926
2933
2940
2943
2972
2979
2982
2983
2984
2990
2991
2997
3006
3021
3029
3033
3037
3047
3049
3054
3057
3071
3072
3093
3096
3103
3114
3115
3118
3119
3124
3125
3132
3146
3163
3169
3170
3178
3179
3189
3200
3209
3230
3253
3256
3277
3278
3280
3287
3299
3313
3315
3329
3355
3356
3358
3393
3399
3442
3454
3461
3465
3471
3473
3494
3505
3515
3520
3526
3540
3549
3551
3566
3578
3585
3587
3599
3603
3607
3614
3627
3629
3641
3647
3648
3655
3668
3669
3670
3672
3674
3681
3683
3684
3686
3690
3696
3705
3713
3716
3729
3733
3736
3745
3749
3753
3759
3763
3774
3799
3800
3803
3808
3815
3819
3825
3826
3831
3833
3837
3869
3882
3909
3912
3922
3925
3948
3949
3957
3983
3990
3991
4001
4002
4003
4004
4026
4040
4049
4053
4059
4063
4064
4067
4074
4082
4097
4105
4108
4109
4112
4119
4124
4151
4153
4158
4167
4171
4180
4184
4189
4196
4211
4212
4216
4221
4223
4233
4241
4249
4251
4257
4259
4260
4263
4291
4294
4295
4306
4311
4313
4317
4328
4343
4347
4349
4369
4370
4380
4388
4406
4409
4425
4434
4436
4441
4444
4449
4455
4475
4483
4484
4506
4508
4510
4521
4522
4523
4528
4540
4563
4572
4574
4577
4598
4625
4627
4630
4632
4635
4636
4641
4668
4675
4681
4685
4690
4693
4698
4701
4703
4704
4729
4738
4739
4752
4762
4767
4771
4786
4787
4795
4797
4803
4807
4816
4820
4825
4850
4851
4854
4859
4863
4867
4882
4892
4894
4900
4909
4912
4916
4919
4921
4923
4939
4942
4944
4947
4956
4967
4976
4983
4988
4992
4997
4998
5000
5003
5004
5007
5009
5012
5021
5024
5030
5032
5042
5044
5046
5062
5064
5080
5085
5107
5110
5118
5119
5131
5140
5141
5154
5163
5170
5180
5184
5192
5197
5203
5212
5220
5222
5224
5227
5243
5247
5260
5267
5271
5272
5285
5293
5295
5296
5316
5317
5353
5356
5378
5379
5380
5385
5390
5393
5394
5402
5406
5412
5426
5435
5440
5450
5462
5481
5486
5508
5515
5518
5522
5534
5568
5574
5587
5594
5618
5630
5634
5642
5644
5647
5656
5657
5667
5708
5712
5717
5720
5727
5731
5734
5737
5738
5744
5763
5765
5774
5776
5787
5817
5829
5833
5836
5862
5870
5879
5881
5883
5897
5906
5919
5921
5930
5936
5940
5943
5951
5955
5963
5990
5991
5992
6009
6026
6029
6051
6060
6070
6071
6072
6075
6093
6098
6103
6115
6120
6125
6129
6135
6179
6187
6200
6206
6233
6243
6256
6261
6272
6275
6278
6310
6315
6316
6326
6330
6335
6343
6345
6355
6380
6383
6388
6393
6395
6405
6412
6415
6421
6425
6445
6453
6483
6500
6519
6522
6526
6535
6582
6599
6610
6619
6622
6623
6624
6629
6647
6653
6656
6657
6680
6687
6688
6689
6691
6693
6698
6699
6700
6737
6744
6754
6757
6770
6773
6775
6782
6788
6795
6804
6814
6823
6826
6832
6841
6842
6854
6865
6874
6891
6893
6895
6906
6913
6914
6918
6921
6926
6927
6929
6932
6939
6957
6967
6973
6977
6978
6986
6995
7002
7008
7013
7015
7016
7021
7033
7052
7053
7054
7065
7067
7074
7076
7092
7099
7101
7104
7106
7119
7124
7125
7130
7144
7151
7153
7159
7171
7185
7190
7191
7192
7194
7196
7202
7208
7211
7214
7216
7217
7224
7227
7237
7248
7259
7271
7277
7282
7291
7294
7295
7303
7329
7339
7347
7351
7356
7380
7389
7390
7401
7403
7430
7440
7441
7449
7456
7462
7475
7488
7500
7501
7509
7517
7530
7531
7542
7547
7553
7559
7562
7563
7576
7578
7590
7595
7616
7625
7645
7664
7667
7672
7674
7677
7696
7707
7718
7737
7743
7745
7756
7757
7758
7762
7769
7771
7790
7793
7794
7800
7804
7807
7808
7812
7821
7822
7840
7857
7862
7868
7872
7874
7880
7884
7891
7893
7894
7895
7896
7917
7922
7927
7934
7947
7953
7957
7964
7969
7979
7986
7998
8011
8022
8029
8038
8046
8048
8057
8067
8068
8076
8085
8100
8105
8120
8125
8142
8169
8172
8174
8176
8180
8185
8186
8196
8199
8204
8212
8223
8229
8232
8234
8240
8241
8252
8256
8257
8258
8272
8287
8288
8292
8293
8299
8307
8315
8320
8333
8341
8344
8345
8348
8353
8359
8360
8368
8391
8404
8405
8406
8410
8411
8419
8426
8429
8435
8440
8454
8468
8470
8471
8475
8489
8491
8492
8494
8495
8501
8503
8510
8514
8519
8520
8521
8522
8536
8540
8544
8552
8565
8572
8573
8579
8583
8595
8601
8618
8630
8631
8638
8645
8647
8648
8652
8654
8689
8697
8705
8706
8708
8727
8739
8740
8746
8749
8750
8759
8762
8763
8768
8769
8781
8785
8786
8790
8800
8802
8803
8804
8806
8816
8822
8824
8834
8845
8848
8849
8852
8859
8865
8874
8896
8898
8900
8910
8930
8941
8944
8986
8991
9011
9024
9041
9043
9051
9076
9091
9105
9121
9133
9134
9140
9146
9151
9155
9170
9172
9185
9201
9210
9213
9218
9221
9238
9239
9245
9249
9255
9266
9269
9272
9273
9278
9281
9288
9299
9310
9314
9333
9336
9339
9344
9350
9351
9356
9368
9384
9386
9397
9415
9419
9453
9457
9461
9462
9471
9480
9483
9490
9499
9508
9510
9514
9519
9520
9523
9529
9531
9564
9565
9566
9577
9578
9583
9586
9593
9607
9611
9616
9624
9626
9628
9633
9638
9642
9650
9663
9667
9672
9678
9682
9697
9701
9703
9710
9724
9732
9733
9736
9742
9766
9767
9768
9772
9777
9790
9806
9820
9827
9828
9833
9836
9848
9852
9866
9870
9877
9880
9909
9922
9927
9928
9939
9944
9955
9966
9969
9978
9979
9980
9986
9988
9995
9997
10000
11680
15838
15925
16372
20226
23299
24246
24278
24340
25387
27587
37169
38249
41159
43452
44392
45669
47654
49233
50497
51117
51699
53270
57092
60439
61865
65120
66399
69988
71029
71117
73610
74592
75131
77421
78365
79365
79411
81022
82660
83042
84240
86570
92814
92960
93814
94774
96865
98696
99861
100768
104789
105560
106708
107499
108967
109079
109388
111318
112830
112864
116093
116270
118187
118330
121280
122928
124373
125316
129473
129731
129793
130069
131301
133355
133507
136347
136487
138016
138809
143482
146422
146792
147546
147703
148278
148461
148612
149452
149620
150380
154740
159817
160462
160962
162401
163343
166920
172741
174682
174732
177271
179059
179677
183107
184695
186289
191183
191571
192155
193598
193884
194023
197645
198018
199081
202199
205605
207170
207230
208650
208952
209647
212499
213543
213641
214040
214582
216035
216490
216918
220198
220315
221567
224127
227115
227142
227715
228154
235873
237537
238276
238613
238965
244380
245547
246363
247337
248116
248347
249151
249911
251109
252200
253798
255135
255620
256494
257811
258061
258301
260222
263224
263885
268357
272853
274179
277612
278195
279337
280475
281632
282508
282893
283727
287049
287262
288205
290814
292022
292634
293266
295858
297696
300221
301661
302562
303260
306396
307394
309228
314461
315631
316238
317708
317837
320354
320666
320988
324059
324531
324671
325753
330237
331585
332264
337428
340909
342709
343587
348226
352072
353880
354920
355585
355746
356684
358727
359348
360490
362311
365498
366645
368297
368709
368954
369428
369450
370590
375158
375635
377645
380046
380735
380831
382127
382378
382825
383006
384269
388220
393011
394766
395508
400304
401258
401709
402080
406090
406991
407653
407694
407865
410469
410821
412777
414281
415488
415836
417733
418368
419618
421522
421673
422701
422709
425024
425165
430842
431525
434272
437372
438942
439428
445665
449496
455876
455877
455984
460957
462697
463365
465936
466724
467222
469973
470573
470690
472000
472749
475682
476864
478399
478806
478839
480475
482397
484014
484156
485070
485657
485821
488174
489817
490851
490960
491601
492007
496550
498201
499980
500706
505543
508358
510078
512163
512325
513123
513850
514254
516255
516710
518165
518983
519314
522613
523048
524558
524858
526780
526889
530642
535094
536105
541867
542619
543945
544594
554163
555596
556174
556494
558174
558488
559196
560475
561046
561374
561502
563391
563922
565923
568842
568854
570005
570304
571566
575252
576839
579755
580341
581342
584275
585610
585822
587136
587311
587516
587976
588299
590705
592400
592642
594675
600777
601387
601391
603269
604740
608359
610267
612457
613477
613802
613872
613971
615929
619397
620191
620445
621356
628065
629548
629901
631147
632961
633465
635148
637204
638436
638530
643553
644046
645626
646291
648736
656531
658521
658746
659016
661253
662415
662568
664817
665484
666445
669738
670483
670634
673405
673518
677159
678162
678385
679435
680583
682398
687636
689149
689517
690232
690320
691361
693789
694918
695041
695302
696279
699344
702413
703913
703918
708888
712558
712658
713881
716870
717500
718497
724338
728390
731041
732618
733598
738010
738116
740122
740274
742074
743281
743861
745398
749369
751080
751608
754000
754596
757007
757288
757840
760376
760927
761824
763346
766150
766907
768958
773217
774154
775805
776078
778174
778456
780111
781032
781757
781802
783264
784836
785998
787079
788963
788995
789525
792292
795853
798004
798615
800399
801836
803749
805032
805778
806079
811273
814305
814509
816765
823379
826693
826835
828595
829514
830133
830199
833685
834844
836054
837660
840755
842565
842850
843233
850671
851156
855988
856680
857005
858252
858487
860723
861679
864368
864744
865149
866156
866408
873086
876081
876981
879637
880641
883284
887554
889106
890003
893583
896437
897301
899059
901800
902297
911693
911839
912350
918867
921993
923788
925046
925050
930261
931050
933243
934240
935415
936079
937221
938850
941932
942710
945366
947984
952366
952597
955004
955901
957743
960160
962130
965631
967005
968612
969426
970008
971685
972377
973055
980187
980636
983689
986066
986450
987125
990109
990690
990795
991041
994285
995220
996623
997952
998406
